
 x-values	  y-values
1.001
1.002
1.003
1.00401
1.00501
1.00602
1.00702
1.00803
1.00904
1.01005
1.01106
1.01207
1.01308
1.01409
1.01511
1.01612
1.01714
1.01816
1.01917
1.02019
1.02121
1.02224
1.02326
1.02428
1.02531
1.02633
1.02736
1.02839
1.02942
1.03045
1.03148
1.03251
1.03355
1.03458
1.03562
1.03665
1.03769
1.03873
1.03977
1.04081
1.04185
1.0429
1.04394
1.04499
1.04603
1.04708
1.04813
1.04918
1.05023
1.05129
1.05234
1.0534
1.05445
1.05551
1.05657
1.05763
1.05869
1.05975
1.06081
1.06188
1.06294
1.06401
1.06508
1.06615
1.06722
1.06829
1.06936
1.07044
1.07151
1.07259
1.07367
1.07475
1.07583
1.07691
1.07799
1.07908
1.08016
1.08125
1.08234
1.08342
1.08452
1.08561
1.0867
1.08779
1.08889
1.08999
1.09108
1.09218
1.09328
1.09439
1.09549
1.09659
1.0977
1.09881
1.09992
1.10103
1.10214
1.10325
1.10436
1.10548
1.1066
1.10771
1.10883
1.10995
1.11108
1.1122
1.11332
1.11445
1.11558
1.11671
1.11784
1.11897
1.1201
1.12124
1.12237
1.12351
1.12465
1.12579
1.12693
1.12807
1.12922
1.13036
1.13151
1.13266
1.13381
1.13496
1.13611
1.13727
1.13842
1.13958
1.14074
1.1419
1.14306
1.14423
1.14539
1.14656
1.14773
1.1489
1.15007
1.15124
1.15241
1.15359
1.15477
1.15594
1.15712
1.15831
1.15949
1.16067
1.16186
1.16305
1.16424
1.16543
1.16662
1.16782
1.16901
1.17021
1.17141
1.17261
1.17381
1.17501
1.17622
1.17743
1.17864
1.17985
1.18106
1.18227
1.18349
1.1847
1.18592
1.18714
1.18837
1.18959
1.19081
1.19204
1.19327
1.1945
1.19573
1.19697
1.1982
1.19944
1.20068
1.20192
1.20316
1.20441
1.20565
1.2069
1.20815
1.2094
1.21065
1.21191
1.21316
1.21442
1.21568
1.21694
1.21821
1.21947
1.22074
1.22201
1.22328
1.22455
1.22583
1.2271
1.22838
1.22966
1.23094
1.23223
1.23351
1.2348
1.23609
1.23738
1.23867
1.23997
1.24127
1.24256
1.24387
1.24517
1.24647
1.24778
1.24909
1.2504
1.25171
1.25303
1.25434
1.25566
1.25698
1.2583
1.25963
1.26095
1.26228
1.26361
1.26494
1.26628
1.26761
1.26895
1.27029
1.27164
1.27298
1.27433
1.27568
1.27703
1.27838
1.27973
1.28109
1.28245
1.28381
1.28517
1.28654
1.28791
1.28928
1.29065
1.29202
1.2934
1.29478
1.29616
1.29754
1.29892
1.30031
1.3017
1.30309
1.30448
1.30588
1.30728
1.30868
1.31008
1.31149
1.31289
1.3143
1.31571
1.31713
1.31854
1.31996
1.32138
1.3228
1.32423
1.32566
1.32709
1.32852
1.32995
1.33139
1.33283
1.33427
1.33571
1.33716
1.33861
1.34006
1.34151
1.34297
1.34443
1.34589
1.34735
1.34882
1.35029
1.35176
1.35323
1.3547
1.35618
1.35766
1.35915
1.36063
1.36212
1.36361
1.3651
1.3666
1.3681
1.3696
1.3711
1.3726
1.37411
1.37562
1.37714
1.37865
1.38017
1.38169
1.38322
1.38474
1.38627
1.3878
1.38934
1.39088
1.39242
1.39396
1.3955
1.39705
1.3986
1.40016
1.40171
1.40327
1.40483
1.4064
1.40796
1.40953
1.41111
1.41268
1.41426
1.41584
1.41743
1.41901
1.4206
1.4222
1.42379
1.42539
1.42699
1.42859
1.4302
1.43181
1.43342
1.43504
1.43666
1.43828
1.4399
1.44153
1.44316
1.4448
1.44643
1.44807
1.44971
1.45136
1.45301
1.45466
1.45632
1.45797
1.45963
1.4613
1.46297
1.46464
1.46631
1.46799
1.46966
1.47135
1.47303
1.47472
1.47642
1.47811
1.47981
1.48151
1.48322
1.48493
1.48664
1.48835
1.49007
1.49179
1.49352
1.49524
1.49698
1.49871
1.50045
1.50219
1.50394
1.50568
1.50744
1.50919
1.51095
1.51271
1.51448
1.51625
1.51802
1.51979
1.52157
1.52336
1.52514
1.52693
1.52872
1.53052
1.53232
1.53413
1.53593
1.53774
1.53956
1.54138
1.5432
1.54503
1.54685
1.54869
1.55052
1.55236
1.55421
1.55606
1.55791
1.55976
1.56162
1.56349
1.56535
1.56722
1.5691
1.57098
1.57286
1.57474
1.57663
1.57853
1.58042
1.58233
1.58423
1.58614
1.58805
1.58997
1.59189
1.59382
1.59575
1.59768
1.59962
1.60156
1.6035
1.60545
1.60741
1.60936
1.61133
1.61329
1.61526
1.61724
1.61921
1.6212
1.62318
1.62517
1.62717
1.62917
1.63117
1.63318
1.63519
1.63721
1.63923
1.64126
1.64329
1.64532
1.64736
1.6494
1.65145
1.6535
1.65556
1.65762
1.65969
1.66176
1.66383
1.66591
1.66799
1.67008
1.67217
1.67427
1.67637
1.67848
1.68059
1.68271
1.68483
1.68695
1.68908
1.69122
1.69336
1.6955
1.69765
1.69981
1.70197
1.70413
1.7063
1.70847
1.71065
1.71283
1.71502
1.71722
1.71941
1.72162
1.72383
1.72604
1.72826
1.73048
1.73271
1.73494
1.73718
1.73943
1.74168
1.74393
1.74619
1.74845
1.75073
1.753
1.75528
1.75757
1.75986
1.76216
1.76446
1.76676
1.76908
1.7714
1.77372
1.77605
1.77838
1.78072
1.78307
1.78542
1.78778
1.79014
1.79251
1.79488
1.79726
1.79965
1.80204
1.80444
1.80684
1.80925
1.81166
1.81408
1.81651
1.81894
1.82137
1.82382
1.82627
1.82872
1.83118
1.83365
1.83612
1.8386
1.84109
1.84358
1.84608
1.84858
1.85109
1.85361
1.85613
1.85866
1.86119
1.86373
1.86628
1.86883
1.87139
1.87396
1.87653
1.87911
1.8817
1.88429
1.88689
1.8895
1.89211
1.89473
1.89735
1.89998
1.90262
1.90527
1.90792
1.91058
1.91324
1.91591
1.91859
1.92128
1.92397
1.92667
1.92938
1.93209
1.93481
1.93754
1.94027
1.94302
1.94576
1.94852
1.95128
1.95405
1.95683
1.95962
1.96241
1.96521
1.96801
1.97083
1.97365
1.97648
1.97931
1.98216
1.98501
1.98787
1.99073
1.99361
1.99649
1.99938
2.00228
2.00518
2.00809
2.01101
2.01394
2.01688
2.01982
2.02277
2.02573
2.0287
2.03168
2.03466
2.03765
2.04066
2.04366
2.04668
2.0497
2.05274
2.05578
2.05883
2.06189
2.06495
2.06803
2.07111
2.0742
2.0773
2.08041
2.08353
2.08666
2.08979
2.09293
2.09609
2.09925
2.10242
2.1056
2.10879
2.11198
2.11519
2.1184
2.12163
2.12486
2.1281
2.13135
2.13461
2.13788
2.14116
2.14445
2.14775
2.15105
2.15437
2.1577
2.16103
2.16438
2.16773
2.1711
2.17447
2.17785
2.18125
2.18465
2.18806
2.19149
2.19492
2.19836
2.20182
2.20528
2.20875
2.21224
2.21573
2.21924
2.22275
2.22627
2.22981
2.23336
2.23691
2.24048
2.24405
2.24764
2.25124
2.25485
2.25847
2.2621
2.26574
2.26939
2.27306
2.27673
2.28042
2.28411
2.28782
2.29154
2.29527
2.29901
2.30276
2.30653
2.3103
2.31409
2.31789
2.3217
2.32552
2.32935
2.3332
2.33706
2.34093
2.34481
2.3487
2.3526
2.35652
2.36045
2.36439
2.36835
2.37231
2.37629
2.38028
2.38428
2.3883
2.39233
2.39637
2.40042
2.40449
2.40857
2.41266
2.41676
2.42088
2.42501
2.42916
2.43331
2.43748
2.44167
2.44586
2.45007
2.4543
2.45854
2.46279
2.46705
2.47133
2.47562
2.47993
2.48425
2.48858
2.49293
2.49729
2.50167
2.50606
2.51046
2.51488
2.51932
2.52376
2.52823
2.5327
2.5372
2.5417
2.54623
2.55076
2.55531
2.55988
2.56446
2.56906
2.57367
2.5783
2.58294
2.5876
2.59228
2.59697
2.60167
2.60639
2.61113
2.61588
2.62065
2.62544
2.63024
2.63506
2.63989
2.64474
2.64961
2.65449
2.65939
2.66431
2.66925
2.6742
2.67916
2.68415
2.68915
2.69417
2.69921
2.70426
2.70933
2.71442
2.71953
2.72465
2.7298
2.73496
2.74014
2.74533
2.75055
2.75578
2.76103
2.7663
2.77159
2.7769
2.78222
2.78757
2.79293
2.79831
2.80372
2.80914
2.81458
2.82004
2.82552
2.83102
2.83653
2.84207
2.84763
2.85321
2.85881
2.86443
2.87006
2.87572
2.8814
2.8871
2.89282
2.89857
2.90433
2.91011
2.91592
2.92175
2.92759
2.93346
2.93935
2.94527
2.9512
2.95716
2.96313
2.96913
2.97516
2.9812
2.98727
2.99336
2.99947
3.00561
3.01177
3.01795
3.02415
3.03038
3.03663
3.04291
3.04921
3.05553
3.06188
3.06825
3.07465
3.08106
3.08751
3.09398
3.10047
3.10699
3.11353
3.1201
3.12669
3.13331
3.13996
3.14663
3.15332
3.16004
3.16679
3.17357
3.18037
3.18719
3.19405
3.20093
3.20783
3.21477
3.22173
3.22872
3.23573
3.24278
3.24985
3.25695
3.26408
3.27123
3.27842
3.28563
3.29287
3.30014
3.30744
3.31477
3.32213
3.32952
3.33694
3.34438
3.35186
3.35937
3.36691
3.37447
3.38207
3.3897
3.39736
3.40506
3.41278
3.42053
3.42832
3.43614
3.44399
3.45187
3.45979
3.46774
3.47572
3.48373
3.49178
3.49986
3.50797
3.51612
3.5243
3.53252
3.54077
3.54905
3.55737
3.56573
3.57412
3.58254
3.591
3.5995
3.60803
3.6166
3.6252
3.63384
3.64252
3.65124
3.65999
3.66878
3.6776
3.68647
3.69537
3.70431
3.71329
3.72231
3.73137
3.74047
3.7496
3.75878
3.76799
3.77725
3.78654
3.79588
3.80526
3.81468
3.82414
3.83364
3.84318
3.85277
3.86239
3.87206
3.88178
3.89153
3.90133
3.91117
3.92106
3.93099
3.94097
3.95099
3.96105
3.97116
3.98132
3.99152
4.00177
4.01206
4.0224
4.03279
4.04322
4.0537
4.06423
4.07481
4.08543
4.09611
4.10683
4.1176
4.12842
4.1393
4.15022
4.16119
4.17221
4.18328
4.19441
4.20559
4.21681
4.2281
4.23943
4.25082
4.26226
4.27375
4.2853
4.2969
4.30856
4.32027
